lastAccountName: Triple_Craft_2
timestamps:
  login: 1530940017977
  logout: 1530940073131
ipAddress: 110.140.189.239
logoutlocation:
  world: test
  x: -462.6899999880791
  y: 4.0
  z: 2532.225294821561
  yaw: -1.3499146
  pitch: 13.650013
