lastAccountName: DrBatmanWho
timestamps:
  login: 1528899094461
  lastteleport: 1528900088951
  logout: 1528898951510
ipAddress: 82.41.40.145
lastlocation:
  world: test
  x: -392.5
  y: 4.0
  z: 2645.5
  yaw: 183.78345
  pitch: 8.472963
logoutlocation:
  world: test
  x: -395.1923893748746
  y: 256.0
  z: 2514.7622269113253
  yaw: -88.52108
  pitch: 64.650345
afk: false
