lastAccountName: DrBatmanWho
timestamps:
  login: 1529354110380
  lastteleport: 1528905501817
  logout: 1529272459924
ipAddress: 82.41.40.145
lastlocation:
  world: resourcepack
  x: -482.72138787207416
  y: 153.0625
  z: 655.5342861855785
  yaw: -51.450092
  pitch: 4.2000394
logoutlocation:
  world: test
  x: -409.07227974321523
  y: 4.0
  z: 2525.6262124971117
  yaw: -234.0621
  pitch: 0.599985
afk: false
