lastAccountName: DrBatmanWho
timestamps:
  login: 1536230605677
  lastteleport: 1536230614237
  logout: 1536230601302
ipAddress: 82.41.40.145
lastlocation:
  world: test
  x: -496.84208165939225
  y: 9.0
  z: 2495.8800621917453
  yaw: -85.17908
  pitch: -90.0
logoutlocation:
  world: test
  x: -496.5
  y: 33.0
  z: 2489.5
  yaw: 68.42096
  pitch: -90.0
afk: false
