lastAccountName: DrBatmanWho
timestamps:
  login: 1528898410321
  lastteleport: 1528743882778
  logout: 1528745826335
ipAddress: 82.41.40.145
lastlocation:
  world: resourcepack
  x: 254.36344308350573
  y: 52.0
  z: 279.91569776141864
  yaw: -81.89969
  pitch: 3.4500418
logoutlocation:
  world: test
  x: -456.1115530445856
  y: 29.242371819048408
  z: 2507.6308938753737
  yaw: -6.4502563
  pitch: 29.249964
afk: false
