lastAccountName: DrBatmanWho
timestamps:
  login: 1528901432354
  lastteleport: 1528900088951
  logout: 1528900877446
ipAddress: 82.41.40.145
lastlocation:
  world: test
  x: -360.9820116310156
  y: 20.71926494984048
  z: 2483.229053413013
  yaw: 202.5307
  pitch: 35.77363
logoutlocation:
  world: test
  x: -347.04427732326184
  y: 27.115312707950462
  z: 2486.4173662002854
  yaw: 181.22894
  pitch: 11.923712
afk: false
