lastAccountName: DrBatmanWho
timestamps:
  login: 1531486167516
  lastteleport: 1528905501817
  logout: 1530922580197
ipAddress: 82.41.40.145
lastlocation:
  world: resourcepack
  x: -482.72138787207416
  y: 153.0625
  z: 655.5342861855785
  yaw: -51.450092
  pitch: 4.2000394
logoutlocation:
  world: test
  x: -433.4900578557692
  y: 4.0
  z: 2499.5989041578873
  yaw: 321.53754
  pitch: -3.000036
afk: false
