lastAccountName: DrBatmanWho
timestamps:
  login: 1536230742590
  lastteleport: 1536230737225
  logout: 1536230737226
ipAddress: 82.41.40.145
lastlocation:
  world: resourcepack
  x: -243.53129189977395
  y: 69.0
  z: -459.53295722495864
  yaw: -14.551096
  pitch: 4.8001494
logoutlocation:
  world: resourcepack
  x: 249.5
  y: 52.0
  z: 278.5
  yaw: 92.70018
  pitch: 2.1000118
afk: false
