lastAccountName: DrBatmanWho
timestamps:
  login: 1524930533840
  lastteleport: 1524930541318
  logout: 1524930545223
ipAddress: 82.41.40.145
lastlocation:
  world: world
  x: -185.2988373469378
  y: 68.0
  z: -169.31898345812823
  yaw: 124.950096
  pitch: 2.4000022
logoutlocation:
  world: world
  x: -184.37718111153518
  y: 68.0
  z: -173.1642770075147
  yaw: 260.55017
  pitch: 3.7500026
afk: false
