lastAccountName: DrBatmanWho
timestamps:
  login: 1527352830131
  lastteleport: 1525978820675
  logout: 1526840032105
ipAddress: 82.41.40.145
lastlocation:
  world: test
  x: -470.57860702459743
  y: 5.176759275064237
  z: 2487.7518029937337
  yaw: -50.699787
  pitch: 8.999955
logoutlocation:
  world: test
  x: -407.62275335588305
  y: 4.0
  z: 2485.321041074548
  yaw: 118.80058
  pitch: 5.6999702
afk: false
