lastAccountName: DrBatmanWho
timestamps:
  login: 1528901432354
  lastteleport: 1528900088951
  logout: 1528900877446
ipAddress: 82.41.40.145
lastlocation:
  world: test
  x: -247.236121911481
  y: 7.0
  z: 2451.389007222625
  yaw: 182.44214
  pitch: 23.849943
logoutlocation:
  world: test
  x: -347.04427732326184
  y: 27.115312707950462
  z: 2486.4173662002854
  yaw: 181.22894
  pitch: 11.923712
afk: false
