lastAccountName: DrBatmanWho
timestamps:
  login: 1535832675314
  lastteleport: 1535832816315
  logout: 1535646884028
ipAddress: 82.41.40.145
lastlocation:
  world: resourcepack
  x: 255.84958718247307
  y: 52.0
  z: 279.4345788168476
  yaw: 231.15073
  pitch: 4.2000737
logoutlocation:
  world: test
  x: -494.74845623092466
  y: 4.0
  z: 2502.498642177833
  yaw: 78.23767
  pitch: 5.2499833
afk: false
