lastAccountName: DrBatmanWho
timestamps:
  login: 1530723155208
  lastteleport: 1528905501817
  logout: 1530623409837
ipAddress: 82.41.40.145
lastlocation:
  world: resourcepack
  x: -482.72138787207416
  y: 153.0625
  z: 655.5342861855785
  yaw: -51.450092
  pitch: 4.2000394
logoutlocation:
  world: test
  x: -446.34270920637744
  y: 4.0
  z: 2479.4075716520433
  yaw: 11.787401
  pitch: -13.5000305
afk: false
