lastAccountName: DrBatmanWho
timestamps:
  login: 1528901432354
  lastteleport: 1528902115509
  logout: 1528900877446
ipAddress: 82.41.40.145
lastlocation:
  world: test
  x: -465.5529883576091
  y: 71.86766515820916
  z: 2771.9727459687156
  yaw: 176.78381
  pitch: -17.85
logoutlocation:
  world: test
  x: -347.04427732326184
  y: 27.115312707950462
  z: 2486.4173662002854
  yaw: 181.22894
  pitch: 11.923712
afk: false
