lastAccountName: DrBatmanWho
timestamps:
  login: 1528373185198
  lastteleport: 1528372738324
  logout: 1528373151289
ipAddress: 82.41.40.145
lastlocation:
  world: resourcepack
  x: -551.9141816722686
  y: 153.0
  z: 667.9369863801551
  yaw: 101.25013
  pitch: -39.6
logoutlocation:
  world: resourcepack
  x: 256.5
  y: 52.0
  z: 281.5
  yaw: -198.00002
  pitch: 8.250008
afk: false
