lastAccountName: DrBatmanWho
timestamps:
  login: 1528372715867
  lastteleport: 1528372738324
  logout: 1528372378955
ipAddress: 82.41.40.145
lastlocation:
  world: resourcepack
  x: 236.30000001192093
  y: 52.0
  z: 282.4986301838071
  yaw: 90.450005
  pitch: 6.300003
logoutlocation:
  world: test
  x: -546.1895869401094
  y: 4.0
  z: 2438.5605527345188
  yaw: 250.87578
  pitch: 8.398095
afk: false
