lastAccountName: DrBatmanWho
timestamps:
  login: 1528373185198
  lastteleport: 1528372738324
  logout: 1528373151289
ipAddress: 82.41.40.145
lastlocation:
  world: resourcepack
  x: -551.4816386532038
  y: 148.0
  z: 667.4037424474955
  yaw: 190.80019
  pitch: 7.500016
logoutlocation:
  world: resourcepack
  x: 256.5
  y: 52.0
  z: 281.5
  yaw: -198.00002
  pitch: 8.250008
afk: false
