lastAccountName: DrBatmanWho
timestamps:
  login: 1528743373820
  lastteleport: 1528373472957
  logout: 1528743436803
ipAddress: 82.41.40.145
lastlocation:
  world: resourcepack
  x: 265.36838624108964
  y: 41.0
  z: 236.61604089660193
  yaw: 334.95096
  pitch: 18.600094
logoutlocation:
  world: test
  x: -479.4085742536977
  y: 4.0
  z: 2500.255607246798
  yaw: 298.34967
  pitch: -11.55005
afk: false
