lastAccountName: DrBatmanWho
timestamps:
  login: 1536441467120
  lastteleport: 1536441490409
  logout: 1536441496321
ipAddress: 82.41.40.145
lastlocation:
  world: test
  x: -462.7178409969389
  y: 4.0
  z: 2533.050000011921
  yaw: 83.27057
  pitch: 31.049994
logoutlocation:
  world: test
  x: -489.8692044012682
  y: 4.0
  z: 2439.2704069486936
  yaw: 66.899536
  pitch: 7.1999917
afk: false
