lastAccountName: DrBatmanWho
timestamps:
  login: 1528373185198
  lastteleport: 1528373472957
  logout: 1528373151289
ipAddress: 82.41.40.145
lastlocation:
  world: resourcepack
  x: 256.5
  y: 52.0
  z: 281.5
  yaw: -0.062220912
  pitch: -0.3739808
logoutlocation:
  world: resourcepack
  x: 256.5
  y: 52.0
  z: 281.5
  yaw: -198.00002
  pitch: 8.250008
afk: false
