lastAccountName: DrBatmanWho
timestamps:
  login: 1527606885178
  lastteleport: 1525978820675
  logout: 1527606932409
ipAddress: 82.41.40.145
lastlocation:
  world: test
  x: -483.33714664569976
  y: 4.0
  z: 2448.327130078637
  yaw: 109.95014
  pitch: 5.249852
logoutlocation:
  world: test
  x: -514.2887102094566
  y: 4.0
  z: 2462.62676562009
  yaw: 250.20016
  pitch: 6.4498606
afk: false
