lastAccountName: DrBatmanWho
timestamps:
  login: 1528904573570
  lastteleport: 1528904734322
  logout: 1528902907286
ipAddress: 82.41.40.145
lastlocation:
  world: test
  x: -360.3813137869222
  y: 4.0
  z: 2605.5969698172994
  yaw: 107.025085
  pitch: 5.5155115
logoutlocation:
  world: test
  x: -346.60177678418887
  y: 3.9375
  z: 2602.1522309601773
  yaw: 350.3252
  pitch: 19.765522
afk: false
