lastAccountName: DrBatmanWho
timestamps:
  login: 1528383442637
  lastteleport: 1528373472957
  logout: 1528375004491
ipAddress: 82.41.40.145
lastlocation:
  world: test
  x: -462.25784662452196
  y: 33.61771924558134
  z: 2592.8306456842156
  yaw: 178.82861
  pitch: 24.749964
logoutlocation:
  world: test
  x: -462.5325644988646
  y: 167.0
  z: 2757.699999988079
  yaw: 180.32912
  pitch: 48.599976
afk: false
