lastAccountName: DrBatmanWho
timestamps:
  login: 1536230742590
  lastteleport: 1536231398608
  logout: 1536231398624
ipAddress: 82.41.40.145
lastlocation:
  world: resourcepack
  x: 256.30460243910295
  y: 52.0
  z: 277.86745095710694
  yaw: 6.7524385
  pitch: 10.800092
logoutlocation:
  world: test
  x: -488.5
  y: 81.0
  z: 2455.5
  yaw: 6.7524385
  pitch: 7.199954
afk: false
