lastAccountName: DrBatmanWho
timestamps:
  login: 1529796440111
  lastteleport: 1528905501817
  logout: 1529761040589
ipAddress: 82.41.40.145
lastlocation:
  world: resourcepack
  x: -482.72138787207416
  y: 153.0625
  z: 655.5342861855785
  yaw: -51.450092
  pitch: 4.2000394
logoutlocation:
  world: test
  x: -417.852790328482
  y: 4.0
  z: 2501.00789929662
  yaw: 134.18793
  pitch: 7.350018
afk: false
