lastAccountName: DrBatmanWho
timestamps:
  login: 1530152014392
  lastteleport: 1528905501817
  logout: 1530133111034
ipAddress: 82.41.40.145
lastlocation:
  world: resourcepack
  x: -482.72138787207416
  y: 153.0625
  z: 655.5342861855785
  yaw: -51.450092
  pitch: 4.2000394
logoutlocation:
  world: test
  x: -438.0769241213984
  y: 4.0
  z: 2408.637454453669
  yaw: 7.437415
  pitch: -2.2500265
afk: false
