lastAccountName: DrBatmanWho
timestamps:
  login: 1528900639994
  lastteleport: 1528900088951
  logout: 1528900121264
ipAddress: 82.41.40.145
lastlocation:
  world: test
  x: -360.9820116310156
  y: 20.71926494984048
  z: 2483.229053413013
  yaw: 202.5307
  pitch: 35.77363
logoutlocation:
  world: test
  x: -426.0566527558303
  y: 4.0
  z: 2474.367180439853
  yaw: 24.183395
  pitch: -4.5770383
afk: false
