lastAccountName: DrBatmanWho
timestamps:
  login: 1525796972565
  lastteleport: 1524930541318
  logout: 1525797303841
ipAddress: 82.41.40.145
lastlocation:
  world: test
  x: -497.17235383745856
  y: 4.0
  z: 2455.653446774227
  yaw: 79.199974
  pitch: -5.2499886
logoutlocation:
  world: test
  x: -517.6542825848458
  y: 4.0
  z: 2441.818798636219
  yaw: 188.54614
  pitch: 1.9500337
afk: false
