lastAccountName: DrBatmanWho
timestamps:
  login: 1528371673151
  lastteleport: 1525978820675
  logout: 1528320272907
ipAddress: 82.41.40.145
lastlocation:
  world: resourcepack
  x: 265.4189409575647
  y: 41.0
  z: 236.20319997642468
  yaw: 5.8503294
  pitch: 9.750004
logoutlocation:
  world: resourcepack
  x: 266.4422817210983
  y: 40.9375
  z: 232.4871835700469
  yaw: 173.99997
  pitch: 4.499955
afk: false
