lastAccountName: DrBatmanWho
timestamps:
  login: 1528409882766
  lastteleport: 1528373472957
  logout: 1528383515845
ipAddress: 82.41.40.145
lastlocation:
  world: resourcepack
  x: -550.6193522822225
  y: 236.0
  z: 666.9088307549675
  yaw: 155.55104
  pitch: -42.1499
logoutlocation:
  world: test
  x: -484.83877609740694
  y: 4.0
  z: 2450.1890034728217
  yaw: 323.57864
  pitch: 3.5999846
afk: false
