lastAccountName: DrBatmanWho
timestamps:
  login: 1528900639994
  lastteleport: 1528900088951
  logout: 1528900121264
ipAddress: 82.41.40.145
lastlocation:
  world: test
  x: -392.5
  y: 4.0
  z: 2645.5
  yaw: 183.78345
  pitch: 8.472963
logoutlocation:
  world: test
  x: -426.0566527558303
  y: 4.0
  z: 2474.367180439853
  yaw: 24.183395
  pitch: -4.5770383
afk: false
