lastAccountName: DrBatmanWho
timestamps:
  login: 1528409882766
  lastteleport: 1528373472957
  logout: 1528383515845
ipAddress: 82.41.40.145
lastlocation:
  world: resourcepack
  x: 291.69999998807907
  y: 229.0
  z: 231.30749574296948
  yaw: 300.3003
  pitch: -17.40001
logoutlocation:
  world: test
  x: -484.83877609740694
  y: 4.0
  z: 2450.1890034728217
  yaw: 323.57864
  pitch: 3.5999846
afk: false
