lastAccountName: DrBatmanWho
timestamps:
  login: 1528371673151
  lastteleport: 1525978820675
  logout: 1528320272907
ipAddress: 82.41.40.145
lastlocation:
  world: resourcepack
  x: -520.8843663757821
  y: 47.0
  z: 736.1447939666886
  yaw: 4.7994995
  pitch: -2.70008
logoutlocation:
  world: resourcepack
  x: 266.4422817210983
  y: 40.9375
  z: 232.4871835700469
  yaw: 173.99997
  pitch: 4.499955
afk: false
