lastAccountName: DrBatmanWho
timestamps:
  login: 1528314419061
  lastteleport: 1525978820675
  logout: 1528314590737
ipAddress: 82.41.40.145
lastlocation:
  world: test
  x: -525.3000000119209
  y: -212.0629113596253
  z: 2430.360698773641
  yaw: -54.899994
  pitch: -80.7
logoutlocation:
  world: test
  x: -260.9687469640156
  y: 20.36783636206774
  z: 2508.2099269737537
  yaw: -137.39993
  pitch: 13.349991
afk: false
