lastAccountName: DrBatmanWho
timestamps:
  login: 1528743541434
  lastteleport: 1528743723912
  logout: 1528743436803
ipAddress: 82.41.40.145
lastlocation:
  world: resourcepack
  x: 236.30000001192093
  y: 52.03584062504456
  z: 282.5760086870495
  yaw: 78.15041
  pitch: 7.5000353
logoutlocation:
  world: test
  x: -479.4085742536977
  y: 4.0
  z: 2500.255607246798
  yaw: 298.34967
  pitch: -11.55005
afk: false
