lastAccountName: DrBatmanWho
timestamps:
  login: 1528743541434
  lastteleport: 1528743723912
  logout: 1528743436803
ipAddress: 82.41.40.145
lastlocation:
  world: resourcepack
  x: 270.06232777521507
  y: 41.0
  z: 232.52174067573156
  yaw: -89.54968
  pitch: 2.100042
logoutlocation:
  world: test
  x: -479.4085742536977
  y: 4.0
  z: 2500.255607246798
  yaw: 298.34967
  pitch: -11.55005
afk: false
