lastAccountName: DrBatmanWho
timestamps:
  login: 1528316962061
  lastteleport: 1525978820675
  logout: 1528314590737
ipAddress: 82.41.40.145
lastlocation:
  world: resourcepack
  x: 292.6316153436141
  y: 230.0
  z: 231.49285525999295
  yaw: 306.59998
  pitch: 2.9999838
logoutlocation:
  world: test
  x: -260.9687469640156
  y: 20.36783636206774
  z: 2508.2099269737537
  yaw: -137.39993
  pitch: 13.349991
afk: false
