lastAccountName: DrBatmanWho
timestamps:
  login: 1527422807979
  lastteleport: 1525978820675
  logout: 1527360855716
ipAddress: 82.41.40.145
lastlocation:
  world: test
  x: -509.26137768254495
  y: 4.0
  z: 2513.8242178476476
  yaw: -238.19934
  pitch: -1.0626912E-4
logoutlocation:
  world: test
  x: -347.05503466890286
  y: 3.9375
  z: 2560.256061423211
  yaw: -200.54887
  pitch: 1.3498468
afk: false
