lastAccountName: DrBatmanWho
timestamps:
  login: 1528898410321
  lastteleport: 1528743882778
  logout: 1528898575766
ipAddress: 82.41.40.145
lastlocation:
  world: resourcepack
  x: 254.36344308350573
  y: 52.0
  z: 279.91569776141864
  yaw: -81.89969
  pitch: 3.4500418
logoutlocation:
  world: test
  x: -329.2204910278145
  y: 44.58122588793463
  z: 2562.343021038281
  yaw: 43.499725
  pitch: 30.14997
afk: false
