lastAccountName: DrBatmanWho
timestamps:
  login: 1528371673151
  lastteleport: 1525978820675
  logout: 1528320272907
ipAddress: 82.41.40.145
lastlocation:
  world: resourcepack
  x: 263.67201055553744
  y: 41.0
  z: 231.29940573650902
  yaw: 199.94997
  pitch: 4.349955
logoutlocation:
  world: resourcepack
  x: 266.4422817210983
  y: 40.9375
  z: 232.4871835700469
  yaw: 173.99997
  pitch: 4.499955
afk: false
