lastAccountName: DrBatmanWho
timestamps:
  login: 1528743541434
  lastteleport: 1528743882778
  logout: 1528743436803
ipAddress: 82.41.40.145
lastlocation:
  world: resourcepack
  x: 254.36344308350573
  y: 52.0
  z: 279.91569776141864
  yaw: -81.89969
  pitch: 3.4500418
logoutlocation:
  world: test
  x: -479.4085742536977
  y: 4.0
  z: 2500.255607246798
  yaw: 298.34967
  pitch: -11.55005
afk: false
