lastAccountName: DrBatmanWho
timestamps:
  login: 1528905459963
  lastteleport: 1528905501817
  logout: 1528905111351
ipAddress: 82.41.40.145
lastlocation:
  world: resourcepack
  x: -482.72138787207416
  y: 153.0625
  z: 655.5342861855785
  yaw: -51.450092
  pitch: 4.2000394
logoutlocation:
  world: resourcepack
  x: -502.030946174273
  y: 161.0625
  z: 686.9792348448964
  yaw: 187.6499
  pitch: 8.250034
afk: false
