lastAccountName: DrBatmanWho
timestamps:
  login: 1528372145452
  lastteleport: 1525978820675
  logout: 1528372134800
ipAddress: 82.41.40.145
lastlocation:
  world: test
  x: -524.5
  y: 4.0
  z: 2432.5
  yaw: 0.0
  pitch: 0.0
logoutlocation:
  world: resourcepack
  x: -1188.330026712843
  y: 84.20000004768369
  z: -85.24279696244865
  yaw: 89.40018
  pitch: 10.200019
afk: false
