lastAccountName: DrBatmanWho
timestamps:
  login: 1528373185198
  lastteleport: 1528372738324
  logout: 1528373151289
ipAddress: 82.41.40.145
lastlocation:
  world: resourcepack
  x: -550.8349436353363
  y: 236.0
  z: 667.899588573409
  yaw: 17.250122
  pitch: -42.299984
logoutlocation:
  world: resourcepack
  x: 256.5
  y: 52.0
  z: 281.5
  yaw: -198.00002
  pitch: 8.250008
afk: false
