lastAccountName: DrBatmanWho
timestamps:
  login: 1528317411471
  lastteleport: 1525978820675
  logout: 1528317638412
ipAddress: 82.41.40.145
lastlocation:
  world: resourcepack
  x: 292.6316153436141
  y: 230.0
  z: 231.49285525999295
  yaw: 306.59998
  pitch: 2.9999838
logoutlocation:
  world: resourcepack
  x: 183.41351522508143
  y: 44.0
  z: 280.19627836596874
  yaw: 94.94993
  pitch: 4.1999826
afk: false
