lastAccountName: DrBatmanWho
timestamps:
  login: 1528904573570
  lastteleport: 1528902265498
  logout: 1528902907286
ipAddress: 82.41.40.145
lastlocation:
  world: test
  x: -466.0718133647978
  y: 4.0
  z: 2181.329912380584
  yaw: 93.383736
  pitch: 2.999944
logoutlocation:
  world: test
  x: -346.60177678418887
  y: 3.9375
  z: 2602.1522309601773
  yaw: 350.3252
  pitch: 19.765522
afk: false
