lastAccountName: DrBatmanWho
timestamps:
  login: 1536230742590
  lastteleport: 1536230737225
  logout: 1536230737226
ipAddress: 82.41.40.145
lastlocation:
  world: resourcepack
  x: -583.5665660937831
  y: 63.0
  z: -84.20989727594862
  yaw: -63.59759
  pitch: 5.7000914
logoutlocation:
  world: resourcepack
  x: 249.5
  y: 52.0
  z: 278.5
  yaw: 92.70018
  pitch: 2.1000118
afk: false
