lastAccountName: DrBatmanWho
timestamps:
  login: 1529244666565
  lastteleport: 1528905501817
  logout: 1529244800443
ipAddress: 82.41.40.145
lastlocation:
  world: resourcepack
  x: -482.72138787207416
  y: 153.0625
  z: 655.5342861855785
  yaw: -51.450092
  pitch: 4.2000394
logoutlocation:
  world: test
  x: -463.9785153361023
  y: 4.0
  z: 2446.4540321332015
  yaw: 74.93796
  pitch: 1.6499896
afk: false
