lastAccountName: DrBatmanWho
timestamps:
  login: 1535832675314
  lastteleport: 1535832823248
  logout: 1535832823283
ipAddress: 82.41.40.145
lastlocation:
  world: resourcepack
  x: 292.5
  y: 230.0
  z: 232.5
  yaw: 278.4007
  pitch: 4.2000737
logoutlocation:
  world: test
  x: -488.5
  y: 81.0
  z: 2455.5
  yaw: 278.4007
  pitch: 7.199954
afk: false
