lastAccountName: DrBatmanWho
timestamps:
  login: 1528743373820
  lastteleport: 1528373472957
  logout: 1528383515845
ipAddress: 82.41.40.145
lastlocation:
  world: resourcepack
  x: 265.36838624108964
  y: 41.0
  z: 236.61604089660193
  yaw: 334.95096
  pitch: 18.600094
logoutlocation:
  world: test
  x: -484.83877609740694
  y: 4.0
  z: 2450.1890034728217
  yaw: 323.57864
  pitch: 3.5999846
afk: false
