lastAccountName: DrBatmanWho
timestamps:
  login: 1528319962006
  lastteleport: 1525978820675
  logout: 1528317638412
ipAddress: 82.41.40.145
lastlocation:
  world: resourcepack
  x: -551.4869604604319
  y: 148.0
  z: 667.4028743430972
  yaw: 185.69994
  pitch: 7.1999745
logoutlocation:
  world: resourcepack
  x: 183.41351522508143
  y: 44.0
  z: 280.19627836596874
  yaw: 94.94993
  pitch: 4.1999826
afk: false
