lastAccountName: DrBatmanWho
timestamps:
  login: 1528899094461
  lastteleport: 1528899105603
  logout: 1528898951510
ipAddress: 82.41.40.145
lastlocation:
  world: test
  x: -375.99826496626383
  y: 263.03187180892087
  z: 2510.9901684910096
  yaw: 68.7041
  pitch: 83.81098
logoutlocation:
  world: test
  x: -395.1923893748746
  y: 256.0
  z: 2514.7622269113253
  yaw: -88.52108
  pitch: 64.650345
afk: false
