lastAccountName: DrBatmanWho
timestamps:
  login: 1528373185198
  lastteleport: 1528372738324
  logout: 1528373151289
ipAddress: 82.41.40.145
lastlocation:
  world: resourcepack
  x: 236.30000001192093
  y: 52.0
  z: 282.5406185010377
  yaw: 83.400024
  pitch: 12.750008
logoutlocation:
  world: resourcepack
  x: 256.5
  y: 52.0
  z: 281.5
  yaw: -198.00002
  pitch: 8.250008
afk: false
