lastAccountName: DrBatmanWho
timestamps:
  login: 1527352830131
  lastteleport: 1525978820675
  logout: 1526840032105
ipAddress: 82.41.40.145
lastlocation:
  world: test
  x: -509.26137768254495
  y: 4.0
  z: 2513.8242178476476
  yaw: -238.19934
  pitch: -1.0626912E-4
logoutlocation:
  world: test
  x: -407.62275335588305
  y: 4.0
  z: 2485.321041074548
  yaw: 118.80058
  pitch: 5.6999702
afk: false
