lastAccountName: DrBatmanWho
timestamps:
  login: 1536441467120
  lastteleport: 1536231417352
  logout: 1536338044571
ipAddress: 82.41.40.145
lastlocation:
  world: test
  x: -484.7616490328639
  y: 4.0
  z: 2451.8167733418045
  yaw: 77.54935
  pitch: 5.699981
logoutlocation:
  world: test
  x: -517.7640638925487
  y: 4.0
  z: 2481.8633954420347
  yaw: -15.879437
  pitch: 0.6000219
afk: false
