lastAccountName: DrBatmanWho
timestamps:
  login: 1528371673151
  lastteleport: 1525978820675
  logout: 1528320272907
ipAddress: 82.41.40.145
lastlocation:
  world: test
  x: -520.5409364717799
  y: 4.0
  z: 2417.220231834525
  yaw: 24.75
  pitch: 1.9500023
logoutlocation:
  world: resourcepack
  x: 266.4422817210983
  y: 40.9375
  z: 232.4871835700469
  yaw: 173.99997
  pitch: 4.499955
afk: false
