lastAccountName: DrBatmanWho
timestamps:
  login: 1528904573570
  lastteleport: 1528904734322
  logout: 1528902907286
ipAddress: 82.41.40.145
lastlocation:
  world: resourcepack
  x: 236.69999998807907
  y: 52.7531999805212
  z: 282.30000001192093
  yaw: 93.75008
  pitch: 29.099997
logoutlocation:
  world: test
  x: -346.60177678418887
  y: 3.9375
  z: 2602.1522309601773
  yaw: 350.3252
  pitch: 19.765522
afk: false
