lastAccountName: DrBatmanWho
timestamps:
  login: 1535832675314
  lastteleport: 1535832716195
  logout: 1535646884028
ipAddress: 82.41.40.145
lastlocation:
  world: test
  x: -508.93735569424314
  y: 4.0
  z: 2543.5890654369823
  yaw: 188.93744
  pitch: 7.349985
logoutlocation:
  world: test
  x: -494.74845623092466
  y: 4.0
  z: 2502.498642177833
  yaw: 78.23767
  pitch: 5.2499833
afk: false
