lastAccountName: DrBatmanWho
timestamps:
  login: 1527352830131
  lastteleport: 1525978820675
  logout: 1526840032105
ipAddress: 82.41.40.145
lastlocation:
  world: test
  x: -485.2822114985365
  y: 18.0
  z: 2457.160627445938
  yaw: -54.148483
  pitch: 19.050009
logoutlocation:
  world: test
  x: -407.62275335588305
  y: 4.0
  z: 2485.321041074548
  yaw: 118.80058
  pitch: 5.6999702
afk: false
