lastAccountName: DrBatmanWho
timestamps:
  login: 1527445260100
  lastteleport: 1525978820675
  logout: 1527533925660
ipAddress: 82.41.40.145
lastlocation:
  world: test
  x: -509.26137768254495
  y: 4.0
  z: 2513.8242178476476
  yaw: -238.19934
  pitch: -1.0626912E-4
logoutlocation:
  world: test
  x: -475.99407334799747
  y: 4.0
  z: 2437.3504343546188
  yaw: -36.44983
  pitch: 8.849851
afk: false
