lastAccountName: DrBatmanWho
timestamps:
  login: 1529354110380
  lastteleport: 1528905501817
  logout: 1529354208490
ipAddress: 82.41.40.145
lastlocation:
  world: resourcepack
  x: -482.72138787207416
  y: 153.0625
  z: 655.5342861855785
  yaw: -51.450092
  pitch: 4.2000394
logoutlocation:
  world: test
  x: -403.8428766921161
  y: 4.0
  z: 2486.006262057489
  yaw: -28.112091
  pitch: 3.750015
afk: false
