lastAccountName: DrBatmanWho
timestamps:
  login: 1535832830251
  lastteleport: 1535832823248
  logout: 1535832896578
ipAddress: 82.41.40.145
lastlocation:
  world: resourcepack
  x: 292.5
  y: 230.0
  z: 232.5
  yaw: 278.4007
  pitch: 4.2000737
logoutlocation:
  world: test
  x: -459.997344677212
  y: 4.0
  z: 2484.97684817453
  yaw: 113.399506
  pitch: 7.8001585
afk: false
