lastAccountName: DrBatmanWho
timestamps:
  login: 1528409882766
  lastteleport: 1528373472957
  logout: 1528383515845
ipAddress: 82.41.40.145
lastlocation:
  world: test
  x: -462.25784662452196
  y: 33.61771924558134
  z: 2592.8306456842156
  yaw: 178.82861
  pitch: 24.749964
logoutlocation:
  world: test
  x: -484.83877609740694
  y: 4.0
  z: 2450.1890034728217
  yaw: 323.57864
  pitch: 3.5999846
afk: false
