lastAccountName: DrBatmanWho
timestamps:
  login: 1529796440111
  lastteleport: 1528905501817
  logout: 1529796471378
ipAddress: 82.41.40.145
lastlocation:
  world: resourcepack
  x: -482.72138787207416
  y: 153.0625
  z: 655.5342861855785
  yaw: -51.450092
  pitch: 4.2000394
logoutlocation:
  world: test
  x: -404.4570210090428
  y: 4.0
  z: 2518.5918476216843
  yaw: 246.08795
  pitch: -8.999977
afk: false
