lastAccountName: DrBatmanWho
timestamps:
  login: 1528372715867
  lastteleport: 1528372738324
  logout: 1528373014634
ipAddress: 82.41.40.145
lastlocation:
  world: resourcepack
  x: -599.5136206661126
  y: -90.26470027513423
  z: 666.7109376051226
  yaw: 303.60016
  pitch: -62.249985
logoutlocation:
  world: resourcepack
  x: 256.5
  y: 52.0
  z: 281.5
  yaw: -198.00002
  pitch: 8.250008
afk: false
