lastAccountName: DrBatmanWho
timestamps:
  login: 1528372715867
  lastteleport: 1528372738324
  logout: 1528372378955
ipAddress: 82.41.40.145
lastlocation:
  world: resourcepack
  x: -551.4773670304567
  y: 148.0
  z: 667.4046563878655
  yaw: -166.64984
  pitch: 6.9000587
logoutlocation:
  world: test
  x: -546.1895869401094
  y: 4.0
  z: 2438.5605527345188
  yaw: 250.87578
  pitch: 8.398095
afk: false
