lastAccountName: DrBatmanWho
timestamps:
  login: 1527533930008
  lastteleport: 1525978820675
  logout: 1527533994921
ipAddress: 82.41.40.145
lastlocation:
  world: test
  x: -483.33714664569976
  y: 4.0
  z: 2448.327130078637
  yaw: 109.95014
  pitch: 5.249852
logoutlocation:
  world: test
  x: -454.045152597724
  y: 4.0
  z: 2485.2478429105004
  yaw: -140.54982
  pitch: 1.9498622
afk: false
