lastAccountName: DrBatmanWho
timestamps:
  login: 1536230251225
  lastteleport: 1535832823248
  logout: 1536176319545
ipAddress: 82.41.40.145
lastlocation:
  world: test
  x: -489.9164336270026
  y: 82.0
  z: 2453.2355790508504
  yaw: 261.44904
  pitch: 38.55014
logoutlocation:
  world: test
  x: -459.997344677212
  y: 4.0
  z: 2484.97684817453
  yaw: 113.399506
  pitch: 7.8001585
afk: false
