lastAccountName: DrBatmanWho
timestamps:
  login: 1525891122856
  lastteleport: 1524930541318
  logout: 1525891170334
ipAddress: 82.41.40.145
lastlocation:
  world: test
  x: -497.17235383745856
  y: 4.0
  z: 2455.653446774227
  yaw: 79.199974
  pitch: -5.2499886
logoutlocation:
  world: test
  x: -492.15158244349794
  y: 4.0
  z: 2460.5428536575982
  yaw: 301.3504
  pitch: 4.9499946
afk: false
