lastAccountName: DrBatmanWho
timestamps:
  login: 1528371673151
  lastteleport: 1525978820675
  logout: 1528320272907
ipAddress: 82.41.40.145
lastlocation:
  world: resourcepack
  x: 240.1551848630454
  y: -72.18234677097855
  z: 230.39154523758177
  yaw: -20.550303
  pitch: -46.799923
logoutlocation:
  world: resourcepack
  x: 266.4422817210983
  y: 40.9375
  z: 232.4871835700469
  yaw: 173.99997
  pitch: 4.499955
afk: false
