lastAccountName: DrBatmanWho
timestamps:
  login: 1528901432354
  lastteleport: 1528902265498
  logout: 1528900877446
ipAddress: 82.41.40.145
lastlocation:
  world: test
  x: -466.0718133647978
  y: 4.0
  z: 2181.329912380584
  yaw: 93.383736
  pitch: 2.999944
logoutlocation:
  world: test
  x: -347.04427732326184
  y: 27.115312707950462
  z: 2486.4173662002854
  yaw: 181.22894
  pitch: 11.923712
afk: false
