lastAccountName: DrBatmanWho
timestamps:
  login: 1528743541434
  lastteleport: 1528373472957
  logout: 1528743436803
ipAddress: 82.41.40.145
lastlocation:
  world: resourcepack
  x: 298.8437609763795
  y: 230.0
  z: 231.76884251672746
  yaw: 106.50006
  pitch: 10.650012
logoutlocation:
  world: test
  x: -479.4085742536977
  y: 4.0
  z: 2500.255607246798
  yaw: 298.34967
  pitch: -11.55005
afk: false
