lastAccountName: DrBatmanWho
timestamps:
  login: 1527533930008
  lastteleport: 1525978820675
  logout: 1527533925660
ipAddress: 82.41.40.145
lastlocation:
  world: test
  x: -483.33714664569976
  y: 4.0
  z: 2448.327130078637
  yaw: 109.95014
  pitch: 5.249852
logoutlocation:
  world: test
  x: -475.99407334799747
  y: 4.0
  z: 2437.3504343546188
  yaw: -36.44983
  pitch: 8.849851
afk: false
