lastAccountName: DrBatmanWho
timestamps:
  login: 1528743541434
  lastteleport: 1528743723912
  logout: 1528743436803
ipAddress: 82.41.40.145
lastlocation:
  world: resourcepack
  x: 265.62887884016885
  y: 41.0
  z: 236.1908817159496
  yaw: 1.0503037
  pitch: 8.250037
logoutlocation:
  world: test
  x: -479.4085742536977
  y: 4.0
  z: 2500.255607246798
  yaw: 298.34967
  pitch: -11.55005
afk: false
