lastAccountName: DrBatmanWho
timestamps:
  login: 1528901432354
  lastteleport: 1528902265498
  logout: 1528902316934
ipAddress: 82.41.40.145
lastlocation:
  world: test
  x: -466.0718133647978
  y: 4.0
  z: 2181.329912380584
  yaw: 93.383736
  pitch: 2.999944
logoutlocation:
  world: test
  x: -356.6738402202604
  y: 4.0
  z: 2584.060893527092
  yaw: 253.64966
  pitch: 5.8499265
afk: false
