lastAccountName: DrBatmanWho
timestamps:
  login: 1528899094461
  lastteleport: 1528899105603
  logout: 1528898951510
ipAddress: 82.41.40.145
lastlocation:
  world: test
  x: -368.319204607255
  y: 10.742308973423821
  z: 2586.999662301512
  yaw: -319.97144
  pitch: -7.1945934
logoutlocation:
  world: test
  x: -395.1923893748746
  y: 256.0
  z: 2514.7622269113253
  yaw: -88.52108
  pitch: 64.650345
afk: false
