lastAccountName: DrBatmanWho
timestamps:
  login: 1528743541434
  lastteleport: 1528743714859
  logout: 1528743436803
ipAddress: 82.41.40.145
lastlocation:
  world: test
  x: -492.810680974655
  y: 4.0
  z: 2486.7018552472496
  yaw: 43.670925
  pitch: 2.5499954
logoutlocation:
  world: test
  x: -479.4085742536977
  y: 4.0
  z: 2500.255607246798
  yaw: 298.34967
  pitch: -11.55005
afk: false
