lastAccountName: DrBatmanWho
timestamps:
  login: 1528372715867
  lastteleport: 1528372738324
  logout: 1528372378955
ipAddress: 82.41.40.145
lastlocation:
  world: resourcepack
  x: -599.5136206661126
  y: -90.26470027513423
  z: 666.7109376051226
  yaw: 303.60016
  pitch: -62.249985
logoutlocation:
  world: test
  x: -546.1895869401094
  y: 4.0
  z: 2438.5605527345188
  yaw: 250.87578
  pitch: 8.398095
afk: false
