lastAccountName: DrBatmanWho
timestamps:
  login: 1536230605677
  lastteleport: 1536230614237
  logout: 1536230601302
ipAddress: 82.41.40.145
lastlocation:
  world: resourcepack
  x: 232.30000001192093
  y: 52.0
  z: 287.5530779122966
  yaw: 80.40013
  pitch: 52.5
logoutlocation:
  world: test
  x: -496.5
  y: 33.0
  z: 2489.5
  yaw: 68.42096
  pitch: -90.0
afk: false
