lastAccountName: DrBatmanWho
timestamps:
  login: 1528313506823
  lastteleport: 1525978820675
  logout: 1528313393069
ipAddress: 82.41.40.145
lastlocation:
  world: test
  x: -478.8962817667168
  y: 4.0
  z: 2452.068265761423
  yaw: 78.44916
  pitch: 7.049933
logoutlocation:
  world: test
  x: -478.8962817667168
  y: 4.0
  z: 2452.068265761423
  yaw: 78.44916
  pitch: 7.049933
afk: true
