lastAccountName: DrBatmanWho
timestamps:
  login: 1528904573570
  lastteleport: 1528904734322
  logout: 1528902907286
ipAddress: 82.41.40.145
lastlocation:
  world: resourcepack
  x: 236.6785124168046
  y: 52.0
  z: 282.50655425107107
  yaw: 94.79998
  pitch: 76.80003
logoutlocation:
  world: test
  x: -346.60177678418887
  y: 3.9375
  z: 2602.1522309601773
  yaw: 350.3252
  pitch: 19.765522
afk: false
