lastAccountName: DrBatmanWho
timestamps:
  login: 1527445260100
  lastteleport: 1525978820675
  logout: 1527422929290
ipAddress: 82.41.40.145
lastlocation:
  world: test
  x: -509.26137768254495
  y: 4.0
  z: 2513.8242178476476
  yaw: -238.19934
  pitch: -1.0626912E-4
logoutlocation:
  world: test
  x: -511.82544273878665
  y: 4.0
  z: 2481.215443463404
  yaw: -269.69955
  pitch: 4.649842
afk: false
