lastAccountName: DrBatmanWho
timestamps:
  login: 1536230742590
  lastteleport: 1536230737225
  logout: 1536230737226
ipAddress: 82.41.40.145
lastlocation:
  world: resourcepack
  x: -60.97911118230788
  y: 44.0
  z: 279.9581390924081
  yaw: 57.599297
  pitch: 8.700204
logoutlocation:
  world: resourcepack
  x: 249.5
  y: 52.0
  z: 278.5
  yaw: 92.70018
  pitch: 2.1000118
afk: false
