lastAccountName: DrBatmanWho
timestamps:
  login: 1528409882766
  lastteleport: 1528373472957
  logout: 1528383515845
ipAddress: 82.41.40.145
lastlocation:
  world: resourcepack
  x: 236.30000001192093
  y: 52.0
  z: 282.55091612850254
  yaw: 83.70029
  pitch: 6.899996
logoutlocation:
  world: test
  x: -484.83877609740694
  y: 4.0
  z: 2450.1890034728217
  yaw: 323.57864
  pitch: 3.5999846
afk: false
