lastAccountName: DrBatmanWho
timestamps:
  login: 1535832675314
  lastteleport: 1535832716195
  logout: 1535646884028
ipAddress: 82.41.40.145
lastlocation:
  world: resourcepack
  x: 292.65503180240137
  y: 230.0
  z: 232.30143572818218
  yaw: 278.4007
  pitch: 4.2000737
logoutlocation:
  world: test
  x: -494.74845623092466
  y: 4.0
  z: 2502.498642177833
  yaw: 78.23767
  pitch: 5.2499833
afk: false
