lastAccountName: DrBatmanWho
timestamps:
  login: 1528313371604
  lastteleport: 1525978820675
  logout: 1527901571467
ipAddress: 82.41.40.145
lastlocation:
  world: test
  x: -458.64381223623667
  y: 4.0
  z: 2864.1584446638594
  yaw: 226.95123
  pitch: 7.3499722
logoutlocation:
  world: test
  x: -435.69215137531467
  y: 4.0
  z: 2436.287577000725
  yaw: 79.649155
  pitch: 2.6999338
afk: false
