lastAccountName: DrBatmanWho
timestamps:
  login: 1536230554338
  lastteleport: 1536230548724
  logout: 1536230579395
ipAddress: 82.41.40.145
lastlocation:
  world: test
  x: -489.5
  y: 2.9999125050516333E7
  z: 2453.5
  yaw: 255.59908
  pitch: 34.050156
logoutlocation:
  world: test
  x: -496.5
  y: 33.0
  z: 2489.5
  yaw: -85.17908
  pitch: -90.0
afk: false
