lastAccountName: DrBatmanWho
timestamps:
  login: 1528372715867
  lastteleport: 1525978820675
  logout: 1528372378955
ipAddress: 82.41.40.145
lastlocation:
  world: test
  x: -524.5
  y: 4.0
  z: 2432.5
  yaw: 0.0
  pitch: 0.0
logoutlocation:
  world: test
  x: -546.1895869401094
  y: 4.0
  z: 2438.5605527345188
  yaw: 250.87578
  pitch: 8.398095
afk: false
