lastAccountName: DrBatmanWho
timestamps:
  login: 1536231421680
  lastteleport: 1536231417352
  logout: 1536231417356
ipAddress: 82.41.40.145
lastlocation:
  world: test
  x: -484.7616490328639
  y: 4.0
  z: 2451.8167733418045
  yaw: 77.54935
  pitch: 5.699981
logoutlocation:
  world: test
  x: -496.5
  y: 33.0
  z: 2489.5
  yaw: 77.54935
  pitch: -90.0
afk: false
