lastAccountName: DrBatmanWho
timestamps:
  login: 1536441467120
  lastteleport: 1536441490409
  logout: 1536338044571
ipAddress: 82.41.40.145
lastlocation:
  world: test
  x: -462.7178409969389
  y: 4.0
  z: 2533.050000011921
  yaw: 83.27057
  pitch: 31.049994
logoutlocation:
  world: test
  x: -517.7640638925487
  y: 4.0
  z: 2481.8633954420347
  yaw: -15.879437
  pitch: 0.6000219
afk: false
