lastAccountName: DrBatmanWho
timestamps:
  login: 1528907709092
  lastteleport: 1528905501817
  logout: 1528908909744
ipAddress: 82.41.40.145
lastlocation:
  world: resourcepack
  x: -482.72138787207416
  y: 153.0625
  z: 655.5342861855785
  yaw: -51.450092
  pitch: 4.2000394
logoutlocation:
  world: test
  x: -396.9744694702292
  y: 40.65232205586515
  z: 2600.069543047802
  yaw: 238.88818
  pitch: 42.000122
afk: false
