lastAccountName: DrBatmanWho
timestamps:
  login: 1528743541434
  lastteleport: 1528743723912
  logout: 1528743436803
ipAddress: 82.41.40.145
lastlocation:
  world: test
  x: -487.78930838024627
  y: 20.0
  z: 2459.567820559123
  yaw: 6.2996216
  pitch: 65.249954
logoutlocation:
  world: test
  x: -479.4085742536977
  y: 4.0
  z: 2500.255607246798
  yaw: 298.34967
  pitch: -11.55005
afk: false
