lastAccountName: DrBatmanWho
timestamps:
  login: 1528319962006
  lastteleport: 1525978820675
  logout: 1528317638412
ipAddress: 82.41.40.145
lastlocation:
  world: resourcepack
  x: 236.30000001192093
  y: 52.0
  z: 282.5009301477112
  yaw: 89.699905
  pitch: 3.749972
logoutlocation:
  world: resourcepack
  x: 183.41351522508143
  y: 44.0
  z: 280.19627836596874
  yaw: 94.94993
  pitch: 4.1999826
afk: false
