lastAccountName: DrBatmanWho
timestamps:
  login: 1536230742590
  lastteleport: 1536230737225
  logout: 1536230737226
ipAddress: 82.41.40.145
lastlocation:
  world: resourcepack
  x: 608.6023523897256
  y: 12.0
  z: -131.77330567791606
  yaw: 4.049794
  pitch: 9.600205
logoutlocation:
  world: resourcepack
  x: 249.5
  y: 52.0
  z: 278.5
  yaw: 92.70018
  pitch: 2.1000118
afk: false
