lastAccountName: DrBatmanWho
timestamps:
  login: 1528898703517
  lastteleport: 1528743882778
  logout: 1528898675665
ipAddress: 82.41.40.145
lastlocation:
  world: resourcepack
  x: 254.36344308350573
  y: 52.0
  z: 279.91569776141864
  yaw: -81.89969
  pitch: 3.4500418
logoutlocation:
  world: test
  x: -307.33322977899144
  y: 13.622675843721158
  z: 2640.5380787490512
  yaw: 170.50294
  pitch: 1.0439831
afk: false
