lastAccountName: DrBatmanWho
timestamps:
  login: 1528409882766
  lastteleport: 1528373472957
  logout: 1528383515845
ipAddress: 82.41.40.145
lastlocation:
  world: test
  x: -484.83877609740694
  y: 4.0
  z: 2450.1890034728217
  yaw: 65.42865
  pitch: 5.3999844
logoutlocation:
  world: test
  x: -484.83877609740694
  y: 4.0
  z: 2450.1890034728217
  yaw: 323.57864
  pitch: 3.5999846
afk: false
