lastAccountName: DrBatmanWho
timestamps:
  login: 1528899094461
  lastteleport: 1528743882778
  logout: 1528898951510
ipAddress: 82.41.40.145
lastlocation:
  world: resourcepack
  x: 254.36344308350573
  y: 52.0
  z: 279.91569776141864
  yaw: -81.89969
  pitch: 3.4500418
logoutlocation:
  world: test
  x: -395.1923893748746
  y: 256.0
  z: 2514.7622269113253
  yaw: -88.52108
  pitch: 64.650345
afk: false
