lastAccountName: DrBatmanWho
timestamps:
  login: 1528317411471
  lastteleport: 1525978820675
  logout: 1528317135323
ipAddress: 82.41.40.145
lastlocation:
  world: resourcepack
  x: 292.6316153436141
  y: 230.0
  z: 231.49285525999295
  yaw: 306.59998
  pitch: 2.9999838
logoutlocation:
  world: resourcepack
  x: 251.75178444709934
  y: 44.0625
  z: 281.272752690444
  yaw: 38.099976
  pitch: 4.6499825
afk: false
