lastAccountName: DrBatmanWho
timestamps:
  login: 1529244666565
  lastteleport: 1528905501817
  logout: 1528928667004
ipAddress: 82.41.40.145
lastlocation:
  world: resourcepack
  x: -482.72138787207416
  y: 153.0625
  z: 655.5342861855785
  yaw: -51.450092
  pitch: 4.2000394
logoutlocation:
  world: test
  x: -388.5952599745319
  y: 4.0
  z: 2587.437499095517
  yaw: 181.43805
  pitch: 13.35
afk: false
