lastAccountName: DrBatmanWho
timestamps:
  login: 1528743541434
  lastteleport: 1528743700835
  logout: 1528743436803
ipAddress: 82.41.40.145
lastlocation:
  world: resourcepack
  x: 263.1904613239576
  y: 40.9375
  z: 232.57612880540978
  yaw: 259.65
  pitch: 8.700015
logoutlocation:
  world: test
  x: -479.4085742536977
  y: 4.0
  z: 2500.255607246798
  yaw: 298.34967
  pitch: -11.55005
afk: false
