lastAccountName: DrBatmanWho
timestamps:
  login: 1527352830131
  lastteleport: 1525978820675
  logout: 1527354141141
ipAddress: 82.41.40.145
lastlocation:
  world: test
  x: -509.26137768254495
  y: 4.0
  z: 2513.8242178476476
  yaw: -238.19934
  pitch: -1.0626912E-4
logoutlocation:
  world: test
  x: -533.0007288649831
  y: 45.65182076851358
  z: 2390.2367173586517
  yaw: 2.2513165
  pitch: 5.5498385
afk: false
