lastAccountName: DrBatmanWho
timestamps:
  login: 1528907709092
  lastteleport: 1528905501817
  logout: 1528905540264
ipAddress: 82.41.40.145
lastlocation:
  world: resourcepack
  x: -482.72138787207416
  y: 153.0625
  z: 655.5342861855785
  yaw: -51.450092
  pitch: 4.2000394
logoutlocation:
  world: test
  x: -498.14687461633105
  y: 8.617314359309578
  z: 2433.435089103113
  yaw: 327.08383
  pitch: -5.5500574
afk: false
