lastAccountName: DrBatmanWho
timestamps:
  login: 1528374758000
  lastteleport: 1528373472957
  logout: 1528375004491
ipAddress: 82.41.40.145
lastlocation:
  world: resourcepack
  x: 256.5
  y: 52.0
  z: 281.5
  yaw: -0.062220912
  pitch: -0.3739808
logoutlocation:
  world: test
  x: -462.5325644988646
  y: 167.0
  z: 2757.699999988079
  yaw: 180.32912
  pitch: 48.599976
afk: false
