lastAccountName: DrBatmanWho
timestamps:
  login: 1536230605677
  lastteleport: 1536230677415
  logout: 1536230677417
ipAddress: 82.41.40.145
lastlocation:
  world: resourcepack
  x: 496.46835788048816
  y: 77.0
  z: 732.6886212387582
  yaw: 84.60016
  pitch: 41.399998
logoutlocation:
  world: resourcepack
  x: 249.5
  y: 52.0
  z: 278.5
  yaw: 84.60016
  pitch: 2.1000118
afk: false
