lastAccountName: DrBatmanWho
timestamps:
  login: 1529849080189
  lastteleport: 1528905501817
  logout: 1529849835309
ipAddress: 82.41.40.145
lastlocation:
  world: resourcepack
  x: -482.72138787207416
  y: 153.0625
  z: 655.5342861855785
  yaw: -51.450092
  pitch: 4.2000394
logoutlocation:
  world: test
  x: -491.9236179352788
  y: 92.99313615921162
  z: 2264.3625724750036
  yaw: 19.287415
  pitch: 18.749983
afk: false
