lastAccountName: DrBatmanWho
timestamps:
  login: 1528904573570
  lastteleport: 1528904734322
  logout: 1528905111351
ipAddress: 82.41.40.145
lastlocation:
  world: resourcepack
  x: -551.5
  y: 148.0
  z: 667.5
  yaw: 217.35008
  pitch: 48.450005
logoutlocation:
  world: resourcepack
  x: -502.030946174273
  y: 161.0625
  z: 686.9792348448964
  yaw: 187.6499
  pitch: 8.250034
afk: false
