lastAccountName: DrBatmanWho
timestamps:
  login: 1528372715867
  lastteleport: 1528372738324
  logout: 1528372378955
ipAddress: 82.41.40.145
lastlocation:
  world: resourcepack
  x: 265.52594077045507
  y: 41.0
  z: 236.12597686013854
  yaw: 18.899994
  pitch: 5.5500016
logoutlocation:
  world: test
  x: -546.1895869401094
  y: 4.0
  z: 2438.5605527345188
  yaw: 250.87578
  pitch: 8.398095
afk: false
