lastAccountName: DrBatmanWho
timestamps:
  login: 1528899094461
  lastteleport: 1528899105603
  logout: 1528898951510
ipAddress: 82.41.40.145
lastlocation:
  world: test
  x: -380.5947972541417
  y: 5.0
  z: 2618.699999988079
  yaw: 308.01282
  pitch: -0.619081
logoutlocation:
  world: test
  x: -395.1923893748746
  y: 256.0
  z: 2514.7622269113253
  yaw: -88.52108
  pitch: 64.650345
afk: false
