lastAccountName: DrBatmanWho
timestamps:
  login: 1531600503821
  lastteleport: 1528905501817
  logout: 1531486178330
ipAddress: 82.41.40.145
lastlocation:
  world: resourcepack
  x: -482.72138787207416
  y: 153.0625
  z: 655.5342861855785
  yaw: -51.450092
  pitch: 4.2000394
logoutlocation:
  world: test
  x: -437.6293485310107
  y: 4.0
  z: 2486.86509708678
  yaw: 110.93758
  pitch: 3.8999631
afk: false
