lastAccountName: DrBatmanWho
timestamps:
  login: 1535832675314
  lastteleport: 1528905501817
  logout: 1535646884028
ipAddress: 82.41.40.145
lastlocation:
  world: resourcepack
  x: -482.72138787207416
  y: 153.0625
  z: 655.5342861855785
  yaw: -51.450092
  pitch: 4.2000394
logoutlocation:
  world: test
  x: -494.74845623092466
  y: 4.0
  z: 2502.498642177833
  yaw: 78.23767
  pitch: 5.2499833
afk: false
