lastAccountName: Koukouu
timestamps:
  login: 1525007675287
  logout: 1525008105878
ipAddress: 178.135.80.19
lastlocation:
  world: tumbleworld
  x: -1002.507354647154
  y: 209.0
  z: 2083.1875426627007
  yaw: -182.39246
  pitch: -14.550264
logoutlocation:
  world: island
  x: -280.577242857845
  y: 180.6156194863651
  z: -85.86727770474255
  yaw: -115.199814
  pitch: 52.350002
