lastAccountName: ShingoriTokira
timestamps:
  login: 1528214679334
  logout: 1528214102785
  lastteleport: 1528215831027
ipAddress: 23.112.41.190
logoutlocation:
  world: resourcepack
  x: 274.93352557280036
  y: 44.0
  z: 281.0760516395676
  yaw: -275.3335
  pitch: 17.486012
lastlocation:
  world: resourcepack
  x: -551.2945665689434
  y: 153.0
  z: 668.2163473846443
  yaw: 107.52446
  pitch: -34.790207
