lastAccountName: ShingoriTokira
timestamps:
  login: 1528819070506
  logout: 1528820601452
  lastteleport: 1528819264547
ipAddress: 23.112.41.190
logoutlocation:
  world: test
  x: -462.5
  y: 3.65
  z: 2590.773462252138
  yaw: -63.47556
  pitch: 78.68569
lastlocation:
  world: resourcepack
  x: 281.2835688551576
  y: 51.49094570661192
  z: 247.3040918825492
  yaw: -54.49243
  pitch: 25.441893
afk: false
