lastAccountName: ShingoriTokira
timestamps:
  login: 1528214679334
  logout: 1528214102785
  lastteleport: 1528215164549
ipAddress: 23.112.41.190
logoutlocation:
  world: resourcepack
  x: 274.93352557280036
  y: 44.0
  z: 281.0760516395676
  yaw: -275.3335
  pitch: 17.486012
lastlocation:
  world: resourcepack
  x: 301.35431054948594
  y: 44.0
  z: 279.9944144118321
  yaw: -256.05127
  pitch: -17.348633
