lastAccountName: ShingoriTokira
timestamps:
  login: 1528150397580
  logout: 1528150872314
  lastteleport: 1528149930136
ipAddress: 23.112.41.190
logoutlocation:
  world: resourcepack
  x: 296.1278151170329
  y: 229.0
  z: 238.72683535660505
  yaw: -135.8949
  pitch: 5.4754477
lastlocation:
  world: test
  x: -428.91080022153477
  y: 4.7125
  z: 2587.589199778465
  yaw: 276.95752
  pitch: 11.465354
