lastAccountName: ShingoriTokira
timestamps:
  login: 1528214679334
  logout: 1528214102785
  lastteleport: 1528215999905
ipAddress: 23.112.41.190
logoutlocation:
  world: resourcepack
  x: 274.93352557280036
  y: 44.0
  z: 281.0760516395676
  yaw: -275.3335
  pitch: 17.486012
lastlocation:
  world: resourcepack
  x: -477.00237451681613
  y: 40.0
  z: 689.3400649552178
  yaw: -3.4993591
  pitch: 21.44858
