lastAccountName: ShingoriTokira
timestamps:
  login: 1528819070506
  logout: 1528217160487
  lastteleport: 1528215999905
ipAddress: 23.112.41.190
logoutlocation:
  world: resourcepack
  x: 246.94682965826541
  y: 54.000605839167875
  z: 280.51249998807907
  yaw: -170.34473
  pitch: 51.39827
lastlocation:
  world: resourcepack
  x: 510.9534345747461
  y: 77.0
  z: 731.9553773488558
  yaw: -72.102844
  pitch: 6.504445
afk: false
