lastAccountName: ShingoriTokira
timestamps:
  login: 1528213931922
  logout: 1528213921872
  lastteleport: 1528149930136
ipAddress: 23.112.41.190
logoutlocation:
  world: resourcepack
  x: 288.0214212647142
  y: 47.200000047683716
  z: 265.69735271705173
  yaw: 159.7857
  pitch: 49.099495
lastlocation:
  world: resourcepack
  x: 511.10121794461963
  y: 77.0
  z: 732.6258117175389
  yaw: -96.45021
  pitch: 19.784735
