lastAccountName: ShingoriTokira
timestamps:
  login: 1528213931922
  logout: 1528214102785
  lastteleport: 1528149930136
ipAddress: 23.112.41.190
logoutlocation:
  world: resourcepack
  x: 274.93352557280036
  y: 44.0
  z: 281.0760516395676
  yaw: -275.3335
  pitch: 17.486012
lastlocation:
  world: resourcepack
  x: 511.10121794461963
  y: 77.0
  z: 732.6258117175389
  yaw: -96.45021
  pitch: 19.784735
