lastAccountName: ShingoriTokira
timestamps:
  login: 1528211186512
  logout: 1528151162029
  lastteleport: 1528149930136
ipAddress: 23.112.41.190
logoutlocation:
  world: resourcepack
  x: 485.3184705895716
  y: 77.0
  z: 678.2663403639413
  yaw: -265.51617
  pitch: 14.1582155
lastlocation:
  world: resourcepack
  x: 232.53605927112133
  y: 52.0
  z: 287.57508632789387
  yaw: -260.46292
  pitch: 74.057526
