lastAccountName: ShingoriTokira
timestamps:
  login: 1528150902869
  logout: 1528150872314
  lastteleport: 1528149930136
ipAddress: 23.112.41.190
logoutlocation:
  world: resourcepack
  x: 296.1278151170329
  y: 229.0
  z: 238.72683535660505
  yaw: -135.8949
  pitch: 5.4754477
lastlocation:
  world: resourcepack
  x: 228.8643209659733
  y: 59.38462525710169
  z: 228.29492830689213
  yaw: 142.85918
  pitch: -22.22316
