lastAccountName: ShingoriTokira
timestamps:
  login: 1528213709352
  logout: 1528211510581
  lastteleport: 1528149930136
ipAddress: 23.112.41.190
logoutlocation:
  world: resourcepack
  x: 250.50677118946413
  y: 52.0625
  z: 281.10587657333895
  yaw: 94.50772
  pitch: 30.766256
lastlocation:
  world: resourcepack
  x: 511.10121794461963
  y: 77.0
  z: 732.6258117175389
  yaw: -96.45021
  pitch: 19.784735
