lastAccountName: ShingoriTokira
timestamps:
  login: 1528150397580
  logout: 1528150383306
  lastteleport: 1528149930136
ipAddress: 23.112.41.190
logoutlocation:
  world: test
  x: -429.36371172038776
  y: 4.348788279612245
  z: 2587.5
  yaw: 82.55609
  pitch: -4.175014
lastlocation:
  world: test
  x: -428.91080022153477
  y: 4.7125
  z: 2587.589199778465
  yaw: 276.95752
  pitch: 11.465354
