lastAccountName: ShingoriTokira
timestamps:
  login: 1527194587658
  logout: 1527194611591
ipAddress: 23.112.41.190
logoutlocation:
  world: world
  x: -42.37896464380374
  y: 71.0
  z: 248.82822231816442
  yaw: 195.76001
  pitch: 19.517488
