lastAccountName: ShingoriTokira
timestamps:
  login: 1528150902869
  logout: 1528150872314
  lastteleport: 1528149930136
ipAddress: 23.112.41.190
logoutlocation:
  world: resourcepack
  x: 296.1278151170329
  y: 229.0
  z: 238.72683535660505
  yaw: -135.8949
  pitch: 5.4754477
lastlocation:
  world: resourcepack
  x: 228.8682112525027
  y: 58.0
  z: 227.8197766890421
  yaw: 132.17233
  pitch: -51.096096
