lastAccountName: ShingoriTokira
timestamps:
  login: 1528149848897
  logout: 1528150383306
  lastteleport: 1528149930136
ipAddress: 23.112.41.190
logoutlocation:
  world: test
  x: -429.36371172038776
  y: 4.348788279612245
  z: 2587.5
  yaw: 82.55609
  pitch: -4.175014
lastlocation:
  world: test
  x: -526.4897086737428
  y: 36.92030757353764
  z: 2403.882188398876
  yaw: -296.16876
  pitch: 28.618542
