lastAccountName: ShingoriTokira
timestamps:
  login: 1528214679334
  logout: 1528214102785
  lastteleport: 1528215831027
ipAddress: 23.112.41.190
logoutlocation:
  world: resourcepack
  x: 274.93352557280036
  y: 44.0
  z: 281.0760516395676
  yaw: -275.3335
  pitch: 17.486012
lastlocation:
  world: resourcepack
  x: -769.9394911793968
  y: 65.1164716580665
  z: -85.25545319107283
  yaw: 279.13654
  pitch: 12.827145
