lastAccountName: ShingoriTokira
timestamps:
  login: 1528211186512
  logout: 1528151162029
  lastteleport: 1528149930136
ipAddress: 23.112.41.190
logoutlocation:
  world: resourcepack
  x: 485.3184705895716
  y: 77.0
  z: 678.2663403639413
  yaw: -265.51617
  pitch: 14.1582155
lastlocation:
  world: test
  x: 474.3435408804383
  y: 4.0
  z: 682.250403005214
  yaw: -193.9698
  pitch: 90.0
