lastAccountName: ShingoriTokira
timestamps:
  login: 1528214679334
  logout: 1528214102785
  lastteleport: 1528215629657
ipAddress: 23.112.41.190
logoutlocation:
  world: resourcepack
  x: 274.93352557280036
  y: 44.0
  z: 281.0760516395676
  yaw: -275.3335
  pitch: 17.486012
lastlocation:
  world: resourcepack
  x: -914.304070923729
  y: 84.20000004768372
  z: -72.47477635177754
  yaw: 187.84131
  pitch: 11.58763
