lastAccountName: ShingoriTokira
timestamps:
  login: 1528819070506
  logout: 1528217160487
  lastteleport: 1528819264547
ipAddress: 23.112.41.190
logoutlocation:
  world: resourcepack
  x: 246.94682965826541
  y: 54.000605839167875
  z: 280.51249998807907
  yaw: -170.34473
  pitch: 51.39827
lastlocation:
  world: resourcepack
  x: 281.2835688551576
  y: 51.49094570661192
  z: 247.3040918825492
  yaw: -54.49243
  pitch: 25.441893
afk: false
