lastAccountName: TumbleGamer
timestamps:
  login: 1525718481982
  logout: 1525719402064
ipAddress: 82.44.12.229
logoutlocation:
  world: test
  x: -394.2990522123287
  y: 4.0
  z: 2486.863555640663
  yaw: -187.49995
  pitch: 87.149895
afk: false
lastlocation:
  world: tumbleworld
  x: -754.4313731539446
  y: 237.13521054557
  z: 1983.4628761670497
  yaw: 190.49657
  pitch: 23.099962
