lastAccountName: TumbleGamer
timestamps:
  login: 1525794567180
  logout: 1525725127536
ipAddress: 82.44.12.229
logoutlocation:
  world: test
  x: -537.2769438192894
  y: 19.205830416841682
  z: 2452.561288307291
  yaw: -358.0497
  pitch: 24.299965
afk: false
lastlocation:
  world: tumbleworld
  x: -754.4313731539446
  y: 237.13521054557
  z: 1983.4628761670497
  yaw: 190.49657
  pitch: 23.099962
powertools: {}
