lastAccountName: TumbleGamer
timestamps:
  login: 1524949774008
  logout: 1524952273759
ipAddress: 82.44.12.229
logoutlocation:
  world: tumbleworld
  x: -1002.0176738409192
  y: 257.9875507073507
  z: 2083.305486150866
  yaw: -290.69238
  pitch: 27.599737
afk: false
lastlocation:
  world: island
  x: 0.10752617515760299
  y: 60.90000296621923
  z: 6.87669997256401
  yaw: 0.7499999
  pitch: 2.8499968
