lastAccountName: TumbleGamer
timestamps:
  login: 1525176346133
  logout: 1525176362868
ipAddress: 82.44.12.229
logoutlocation:
  world: tumbleworld
  x: -863.406724770239
  y: 278.37541263724694
  z: 2042.972481127551
  yaw: 195.44661
  pitch: 32.84995
afk: false
lastlocation:
  world: tumbleworld
  x: -305.0415083434268
  y: 167.24181150832916
  z: 718.3812107182201
  yaw: 73.95087
  pitch: 28.650112
