lastAccountName: TumbleGamer
timestamps:
  login: 1525429248589
  logout: 1525430025363
ipAddress: 82.44.12.229
logoutlocation:
  world: tumbleworld
  x: -645.4823751547378
  y: 110.88020549504171
  z: -64.55394716573736
  yaw: -208.20099
  pitch: 14.850132
afk: false
lastlocation:
  world: tumbleworld
  x: -754.4313731539446
  y: 237.13521054557
  z: 1983.4628761670497
  yaw: 190.49657
  pitch: 23.099962
