lastAccountName: TumbleGamer
timestamps:
  login: 1525023496605
  logout: 1525023622107
ipAddress: 127.0.0.1
logoutlocation:
  world: world
  x: -57.89525532294022
  y: 76.1578609037574
  z: 265.3124178254502
  yaw: -110.70001
  pitch: 44.400005
