lastAccountName: jacob50505
timestamps:
  login: 1528373056664
  logout: 1528373538697
  lastteleport: 1528373392763
ipAddress: 80.198.72.15
afk: false
logoutlocation:
  world: test
  x: -510.5833449942446
  y: 31.36301168933858
  z: 2467.633575516486
  yaw: 282.13556
  pitch: 43.99876
lastlocation:
  world: test
  x: -530.6018703058585
  y: 46.169299910349665
  z: 2386.2707031902523
  yaw: -163.28978
  pitch: 1.856319
