lastAccountName: jacob50505
timestamps:
  login: 1525187899714
  logout: 1525192049863
ipAddress: 80.198.72.15
afk: false
logoutlocation:
  world: tumbleworld
  x: 2895.0624836806455
  y: 113.54497768620966
  z: -2299.247076771841
  yaw: 173.547
  pitch: 48.220592
