lastAccountName: jacob50505
timestamps:
  login: 1528373056664
  logout: 1527094012047
  lastteleport: 1528373392763
ipAddress: 80.198.72.15
afk: false
logoutlocation:
  world: test
  x: -503.54614159332266
  y: 42.85709568940589
  z: 2374.9693246098373
  yaw: 109.80593
  pitch: 12.599747
lastlocation:
  world: test
  x: -530.6018703058585
  y: 46.169299910349665
  z: 2386.2707031902523
  yaw: -163.28978
  pitch: 1.856319
