lastAccountName: jacob50505
timestamps:
  login: 1528373056664
  logout: 1527094012047
  lastteleport: 1525797417847
ipAddress: 80.198.72.15
afk: false
logoutlocation:
  world: test
  x: -503.54614159332266
  y: 42.85709568940589
  z: 2374.9693246098373
  yaw: 109.80593
  pitch: 12.599747
lastlocation:
  world: tumbleworld
  x: -547.5
  y: 81.35684644762286
  z: -165.5
  yaw: -0.45000002
  pitch: -0.15
