lastAccountName: jacob50505
timestamps:
  login: 1525719360083
  logout: 1525720860085
ipAddress: 80.198.72.15
afk: false
logoutlocation:
  world: test
  x: -546.5409909380076
  y: 20.131006901322564
  z: 2451.6175512601417
  yaw: 28.748522
  pitch: 25.179802
lastlocation:
  world: tumbleworld
  x: 2878.85153039905
  y: 113.54497768620966
  z: -2310.2850470452195
  yaw: 52.026917
  pitch: 38.726395
