lastAccountName: jacob50505
timestamps:
  login: 1525794250531
  logout: 1525770299768
  lastteleport: 1525797417847
ipAddress: 80.198.72.15
afk: false
logoutlocation:
  world: test
  x: -522.2796658274737
  y: 21.42626210955084
  z: 2515.6165825917196
  yaw: -187.6018
  pitch: 18.418636
lastlocation:
  world: test
  x: -495.7920734756255
  y: 22.284027724795525
  z: 2483.0538174374146
  yaw: 178.61377
  pitch: -38.421867
