lastAccountName: jacob50505
timestamps:
  login: 1528373587759
  logout: 1528373538697
  lastteleport: 1528374458370
ipAddress: 80.198.72.15
afk: false
logoutlocation:
  world: test
  x: -510.5833449942446
  y: 31.36301168933858
  z: 2467.633575516486
  yaw: 282.13556
  pitch: 43.99876
lastlocation:
  world: resourcepack
  x: -551.4944152076496
  y: 237.06427744939856
  z: 665.8879684997291
  yaw: 176.93124
  pitch: -36.172844
