lastAccountName: jacob50505
timestamps:
  login: 1527093602590
  logout: 1527093407907
  lastteleport: 1525797417847
ipAddress: 80.198.72.15
afk: false
logoutlocation:
  world: test
  x: -515.11520283138
  y: 73.96952439357686
  z: 2370.6388723904147
  yaw: 111.456055
  pitch: 39.149803
lastlocation:
  world: tumbleworld
  x: -547.5
  y: 81.35684644762286
  z: -165.5
  yaw: -0.45000002
  pitch: -0.15
