lastAccountName: jacob50505
timestamps:
  login: 1528373587759
  logout: 1528375442703
  lastteleport: 1528374458370
ipAddress: 80.198.72.15
afk: false
logoutlocation:
  world: test
  x: -505.61493082003426
  y: 19.61728239418466
  z: 2488.324090089687
  yaw: 155.68903
  pitch: 6.4960546
lastlocation:
  world: resourcepack
  x: 261.01078741537964
  y: 41.0
  z: 232.42813478168563
  yaw: 299.48068
  pitch: 18.169016
