lastAccountName: jacob50505
timestamps:
  login: 1528373056664
  logout: 1527094012047
  lastteleport: 1528373264974
ipAddress: 80.198.72.15
afk: false
logoutlocation:
  world: test
  x: -503.54614159332266
  y: 42.85709568940589
  z: 2374.9693246098373
  yaw: 109.80593
  pitch: 12.599747
lastlocation:
  world: test
  x: -463.3293310264487
  y: 1.0
  z: 2500.566779431768
  yaw: -98.81666
  pitch: 1.7313621
