lastAccountName: jacob50505
timestamps:
  login: 1528373587759
  logout: 1528373538697
  lastteleport: 1528374458370
ipAddress: 80.198.72.15
afk: false
logoutlocation:
  world: test
  x: -510.5833449942446
  y: 31.36301168933858
  z: 2467.633575516486
  yaw: 282.13556
  pitch: 43.99876
lastlocation:
  world: resourcepack
  x: 236.30000001192093
  y: 52.0
  z: 282.5065940138884
  yaw: -201.71274
  pitch: 77.757614
