lastAccountName: jacob50505
timestamps:
  login: 1528373587759
  logout: 1528373538697
  lastteleport: 1528374458370
ipAddress: 80.198.72.15
afk: false
logoutlocation:
  world: test
  x: -510.5833449942446
  y: 31.36301168933858
  z: 2467.633575516486
  yaw: 282.13556
  pitch: 43.99876
lastlocation:
  world: test
  x: -492.8011883012288
  y: 33.17864968053703
  z: 2494.063495675114
  yaw: 141.95532
  pitch: 12.812245
