lastAccountName: jacob50505
timestamps:
  login: 1525855474434
  logout: 1525855750522
  lastteleport: 1525797417847
ipAddress: 80.198.72.15
afk: false
logoutlocation:
  world: test
  x: -467.0106520793011
  y: 21.0
  z: 2492.8098628706407
  yaw: 199.53331
  pitch: 24.165117
lastlocation:
  world: test
  x: -495.7920734756255
  y: 22.284027724795525
  z: 2483.0538174374146
  yaw: 178.61377
  pitch: -38.421867
