lastAccountName: Pyta
timestamps:
  login: 1539758212532
  logout: 1539758365841
ipAddress: 91.153.126.94
logoutlocation:
  world: world
  x: 33.69999998807904
  y: 59.0
  z: 38.400498252527825
  yaw: -357.9021
  pitch: 86.7
