lastAccountName: chaoticPlayer
timestamps:
  login: 1538574051355
  logout: 1538574162005
ipAddress: 82.203.141.17
logoutlocation:
  world: world
  x: 198.86411575538446
  y: 62.95
  z: 271.2805792011609
  yaw: -94.48523
  pitch: 13.494997
