lastAccountName: InfaReQt
timestamps:
  login: 1528467287097
  lastteleport: 1528468355350
ipAddress: 145.53.185.221
nickname: §b§lInfaReQt
lastlocation:
  world: test
  x: -493.8626465747181
  y: 34.37641029909045
  z: 2489.11841096621
  yaw: -190.14516
  pitch: 53.519676
