lastAccountName: InfaReQt
timestamps:
  login: 1528467287097
  lastteleport: 1528468392820
ipAddress: 145.53.185.221
nickname: §b§lInfaReQt
lastlocation:
  world: test
  x: -496.6205363046495
  y: 33.753920595461636
  z: 2490.000500703978
  yaw: 2.6105983
  pitch: -2.8697906
