lastAccountName: InfaReQt
timestamps:
  login: 1528467287097
  lastteleport: 1528467709440
ipAddress: 145.53.185.221
nickname: §b§lInfaReQt
lastlocation:
  world: test
  x: -462.69999998807907
  y: 4.200000047683716
  z: 2532.449999988079
  yaw: -154.69153
  pitch: 18.462082
