lastAccountName: InfaReQt
timestamps:
  login: 1528467287097
  lastteleport: 1528468664767
  logout: 1528468711917
ipAddress: 145.53.185.221
nickname: §b§lInfaReQt
lastlocation:
  world: resourcepack
  x: 511.366164722094
  y: 77.0
  z: 732.5460888626214
  yaw: -83.915596
  pitch: 16.31271
logoutlocation:
  world: resourcepack
  x: 245.31807641520498
  y: 52.0625
  z: 279.67028300034804
  yaw: -45.578354
  pitch: 11.697175
