lastAccountName: InfaReQt
timestamps:
  login: 1528467287097
  lastteleport: 1528468355350
ipAddress: 145.53.185.221
nickname: §b§lInfaReQt
lastlocation:
  world: test
  x: -491.481674464802
  y: 20.00572299973506
  z: 2493.7673955941555
  yaw: 262.20615
  pitch: 8.236532
