lastAccountName: InfaReQt
timestamps:
  login: 1528467287097
  lastteleport: 1528467709440
ipAddress: 145.53.185.221
nickname: §b§lInfaReQt
lastlocation:
  world: island
  x: -25.80272952318061
  y: 70.0
  z: 50.0761824242978
  yaw: -350.6875
  pitch: 15.07116
