lastAccountName: InfaReQt
timestamps:
  login: 1528467287097
  lastteleport: 1528468664767
ipAddress: 145.53.185.221
nickname: §b§lInfaReQt
lastlocation:
  world: test
  x: -508.2382247005853
  y: 36.0
  z: 2493.6342433611917
  yaw: -102.416756
  pitch: 37.163017
