lastAccountName: InfaReQt
timestamps:
  login: 1528467287097
  lastteleport: 1528468350736
ipAddress: 145.53.185.221
nickname: §b§lInfaReQt
lastlocation:
  world: test
  x: -519.2590512406244
  y: 10.1258232126313
  z: 2438.555070522206
  yaw: -43.329605
  pitch: 22.700945
