lastAccountName: Dabombinable
timestamps:
  login: 1538799211887
  logout: 1538799975514
ipAddress: 101.184.140.133
logoutlocation:
  world: world
  x: 243.45570916926044
  y: 64.0
  z: 116.94302364731008
  yaw: -168.1987
  pitch: 13.530573
