lastAccountName: Illuminobody
timestamps:
  login: 1525290270441
  logout: 1525290282393
ipAddress: 96.225.125.206
logoutlocation:
  world: tumbleworld
  x: -852.3000000119209
  y: 83.0
  z: -95.69999998807907
  yaw: 300.71756
  pitch: 34.39419
