lastAccountName: guille34_YT
timestamps:
  login: 1538290613105
  logout: 1538290636177
ipAddress: 77.97.48.21
logoutlocation:
  world: world
  x: 205.19380042412317
  y: 64.0
  z: 226.87663269931065
  yaw: 63.149994
  pitch: 7.2000046
