lastAccountName: guille34_YT
timestamps:
  login: 1538255048913
  logout: 1538255141520
ipAddress: 77.97.48.21
logoutlocation:
  world: world
  x: 205.57538111264904
  y: 64.0
  z: 224.34980300381983
  yaw: -76.350006
  pitch: -4.349998
