lastAccountName: ItsJustDragon
timestamps:
  login: 1526934900864
  logout: 1526935147679
ipAddress: 66.229.144.155
logoutlocation:
  world: world
  x: -34.82561934582594
  y: 87.0
  z: 280.0821092293623
  yaw: 323.99945
  pitch: -47.85003
