lastAccountName: iUseVapeGG
timestamps:
  login: 1526943521907
  logout: 1526943747257
ipAddress: 136.61.17.211
afk: false
logoutlocation:
  world: world
  x: -57.33876129838011
  y: 71.78350347176617
  z: 261.8708728684046
  yaw: 146.65665
  pitch: 35.363228
