lastAccountName: Bootista
timestamps:
  login: 1528795835967
  logout: 1528101132120
ipAddress: 217.103.223.77
afk: false
logoutlocation:
  world: world
  x: -13.563828353672035
  y: 100.86779037503811
  z: 165.74251001821415
  yaw: -76.50037
  pitch: 31.349981
