lastAccountName: Bootista
timestamps:
  login: 1525187998594
  logout: 1525191007611
ipAddress: 217.103.223.77
afk: false
logoutlocation:
  world: tumbleworld
  x: 598.6223746311957
  y: 98.61257215515205
  z: 174.48354888748634
  yaw: -15.149597
  pitch: 18.45009
