lastAccountName: Bootista
timestamps:
  login: 1528814332719
  logout: 1528814276949
ipAddress: 217.103.223.77
afk: true
logoutlocation:
  world: world
  x: -55.78892004213523
  y: 89.58650800968122
  z: 228.2503472893889
  yaw: -330.30286
  pitch: 42.29996
