lastAccountName: Bootista
timestamps:
  login: 1528814332719
  logout: 1528816645783
ipAddress: 217.103.223.77
afk: false
logoutlocation:
  world: test
  x: -494.87307504951707
  y: 4.0
  z: 2487.383833899126
  yaw: -11.700226
  pitch: 12.450018
