lastAccountName: Bootista
timestamps:
  login: 1526892948497
  logout: 1526893090948
ipAddress: 217.103.223.77
afk: false
logoutlocation:
  world: world
  x: -23.593520555570763
  y: 125.23687813095694
  z: 260.4141054434555
  yaw: -191.09995
  pitch: 41.999996
