lastAccountName: Bootista
timestamps:
  login: 1528795835967
  logout: 1528796071986
ipAddress: 217.103.223.77
afk: false
logoutlocation:
  world: world
  x: -43.23048904656721
  y: 86.97269752889908
  z: 146.27289737963545
  yaw: -20.10254
  pitch: 65.09999
