lastAccountName: wolfyblox589
timestamps:
  login: 1532451507103
  logout: 1532452098075
ipAddress: 100.40.106.195
logoutlocation:
  world: test
  x: -502.5569661089504
  y: 4.0
  z: 2316.9891357338142
  yaw: -221.83368
  pitch: 0.30461356
