lastAccountName: Flomich
timestamps:
  login: 1528211960209
  logout: 1528211957543
ipAddress: 80.110.71.128
afk: false
logoutlocation:
  world: test
  x: -428.48253132599376
  y: 4.0
  z: 2489.095935221659
  yaw: -87.17801
  pitch: 27.084223
lastlocation:
  world: test
  x: -490.5391510864816
  y: 4.0
  z: 2489.300000011921
  yaw: 83.91945
  pitch: 9.115375
money: '0'
