lastAccountName: Flomich
timestamps:
  login: 1528890684563
  logout: 1528825580023
ipAddress: 80.110.71.128
afk: false
logoutlocation:
  world: tumble-jungle
  x: -184.77007371227305
  y: 94.0
  z: -117.83069077643803
  yaw: -261.15582
  pitch: 10.739379
lastlocation:
  world: resourcepack
  x: -551.5
  y: 148.0
  z: 667.5
  yaw: -180.79495
  pitch: 16.34482
money: '0'
