lastAccountName: Flomich
timestamps:
  login: 1528213111516
  logout: 1528212831725
ipAddress: 80.110.71.128
afk: false
logoutlocation:
  world: world
  x: -64.62194142100887
  y: 67.0
  z: 255.54211403993426
  yaw: -79.68741
  pitch: 37.14263
lastlocation:
  world: test
  x: -490.5391510864816
  y: 4.0
  z: 2489.300000011921
  yaw: 83.91945
  pitch: 9.115375
money: '0'
