lastAccountName: Flomich
timestamps:
  login: 1528821981788
  logout: 1528822035703
ipAddress: 80.110.71.128
afk: false
logoutlocation:
  world: tumble-jungle
  x: -48.980795568403366
  y: 70.63588500535488
  z: -211.45325264183236
  yaw: -230.87074
  pitch: 24.988771
lastlocation:
  world: resourcepack
  x: -551.5
  y: 148.0
  z: 667.5
  yaw: -180.79495
  pitch: 16.34482
money: '0'
