lastAccountName: Flomich
timestamps:
  login: 1528373523265
  logout: 1528213583102
ipAddress: 80.110.71.128
afk: false
logoutlocation:
  world: test
  x: -513.3280149912455
  y: 4.0
  z: 2443.1955459346973
  yaw: -232.49976
  pitch: 27.136475
lastlocation:
  world: resourcepack
  x: -551.5
  y: 148.0
  z: 667.5
  yaw: -180.79495
  pitch: 16.34482
money: '0'
