lastAccountName: Flomich
timestamps:
  login: 1528119315564
  logout: 1528119873056
ipAddress: 80.110.71.128
afk: false
logoutlocation:
  world: test
  x: -357.55976345636134
  y: 5.0
  z: 2589.582447671448
  yaw: -205.6482
  pitch: 25.566275
lastlocation:
  world: test
  x: -332.69256810091804
  y: 4.0
  z: 2607.829507885483
  yaw: -104.058105
  pitch: 36.252007
money: '0'
