lastAccountName: Flomich
timestamps:
  login: 1528112499613
  logout: 1528111965826
ipAddress: 80.110.71.128
afk: false
logoutlocation:
  world: test
  x: -474.97104737692763
  y: 21.5
  z: 2466.7233302094655
  yaw: -264.78473
  pitch: 33.31841
lastlocation:
  world: test
  x: -332.69256810091804
  y: 4.0
  z: 2607.829507885483
  yaw: -104.058105
  pitch: 36.252007
