lastAccountName: Flomich
timestamps:
  login: 1528821426158
  logout: 1528802861175
ipAddress: 80.110.71.128
afk: false
logoutlocation:
  world: tumble-jungle
  x: -276.14982558505756
  y: 141.0
  z: 798.8799614334613
  yaw: 207.34843
  pitch: 52.647907
lastlocation:
  world: resourcepack
  x: -551.5
  y: 148.0
  z: 667.5
  yaw: -180.79495
  pitch: 16.34482
money: '0'
