lastAccountName: Flomich
timestamps:
  login: 1528211649279
  logout: 1528182175120
ipAddress: 80.110.71.128
afk: false
logoutlocation:
  world: test
  x: -369.9080650525669
  y: 4.0
  z: 2585.5944170921916
  yaw: -325.45807
  pitch: 5.763863
lastlocation:
  world: test
  x: -366.23849083283284
  y: 4.0
  z: 2608.190098703816
  yaw: -113.55719
  pitch: 12.940925
money: '0'
