lastAccountName: Flomich
timestamps:
  login: 1528211960209
  logout: 1528211957543
ipAddress: 80.110.71.128
afk: false
logoutlocation:
  world: test
  x: -428.48253132599376
  y: 4.0
  z: 2489.095935221659
  yaw: -87.17801
  pitch: 27.084223
lastlocation:
  world: test
  x: -366.23849083283284
  y: 4.0
  z: 2608.190098703816
  yaw: -113.55719
  pitch: 12.940925
money: '0'
