lastAccountName: Flomich
timestamps:
  login: 1528182155721
  logout: 1528182175120
ipAddress: 80.110.71.128
afk: false
logoutlocation:
  world: test
  x: -369.9080650525669
  y: 4.0
  z: 2585.5944170921916
  yaw: -325.45807
  pitch: 5.763863
lastlocation:
  world: test
  x: -332.69256810091804
  y: 4.0
  z: 2607.829507885483
  yaw: -104.058105
  pitch: 36.252007
money: '0'
