lastAccountName: Flomich
timestamps:
  login: 1528117721037
  logout: 1528117730098
ipAddress: 80.110.71.128
afk: false
logoutlocation:
  world: test
  x: -473.0042427578326
  y: 21.0
  z: 2472.145083198865
  yaw: -63.855957
  pitch: 35.937904
lastlocation:
  world: test
  x: -332.69256810091804
  y: 4.0
  z: 2607.829507885483
  yaw: -104.058105
  pitch: 36.252007
