lastAccountName: Flomich
timestamps:
  login: 1528111849620
  logout: 1528110987896
ipAddress: 80.110.71.128
afk: false
logoutlocation:
  world: test
  x: -482.77805099562073
  y: 22.0
  z: 2466.1966698667075
  yaw: -24.051453
  pitch: 29.02255
lastlocation:
  world: test
  x: -332.69256810091804
  y: 4.0
  z: 2607.829507885483
  yaw: -104.058105
  pitch: 36.252007
