lastAccountName: Flomich
timestamps:
  login: 1528213173976
  logout: 1528213171413
ipAddress: 80.110.71.128
afk: false
logoutlocation:
  world: resourcepack
  x: 270.1283633096973
  y: 50.0
  z: 266.06917787543864
  yaw: -280.27267
  pitch: 11.944295
lastlocation:
  world: resourcepack
  x: -551.5
  y: 148.0
  z: 667.5
  yaw: -180.79495
  pitch: 16.34482
money: '0'
