lastAccountName: Flomich
timestamps:
  login: 1528039424176
  logout: 1528044029875
ipAddress: 80.110.71.128
afk: false
logoutlocation:
  world: test
  x: -443.61461230132574
  y: 5.0
  z: 2488.3829907098357
  yaw: 258.69452
  pitch: 0.5238905
