lastAccountName: Flomich
timestamps:
  login: 1528213173976
  logout: 1528213171413
ipAddress: 80.110.71.128
afk: false
logoutlocation:
  world: resourcepack
  x: 270.1283633096973
  y: 50.0
  z: 266.06917787543864
  yaw: -280.27267
  pitch: 11.944295
lastlocation:
  world: test
  x: -490.5391510864816
  y: 4.0
  z: 2489.300000011921
  yaw: 83.91945
  pitch: 9.115375
money: '0'
