lastAccountName: Flomich
timestamps:
  login: 1528821981788
  logout: 1528821796129
ipAddress: 80.110.71.128
afk: false
logoutlocation:
  world: tumble-jungle
  x: -2.5
  y: 80.0
  z: -2.5
  yaw: 0.0
  pitch: 0.0
lastlocation:
  world: resourcepack
  x: -551.5
  y: 148.0
  z: 667.5
  yaw: -180.79495
  pitch: 16.34482
money: '0'
