world: test
x: -496.31670280569296
y: 33.0
z: 2489.4589640454797
yaw: -103.02905
pitch: 88.20001
name: gateway_pace
