world: test
x: -488.70911010415443
y: 81.0
z: 2455.205561501219
yaw: 181.64963
pitch: 7.199954
name: mytower
