world: resourcepack
x: 249.03234197597212
y: 52.0625
z: 278.41521526923333
yaw: 99.75007
pitch: 2.1000118
name: resourcepack
