world: test
x: -360.3813137869222
y: 4.0
z: 2605.5969698172994
yaw: 101.92511
pitch: -21.934488
name: villageone
