world: test
x: -466.9273821310831
y: 4.0
z: 2181.283192908927
yaw: 93.383736
pitch: 2.999944
name: villagetwo
